{
    "fl_x": 389.1739501953125,
    "fl_y": 389.36090087890625,
    "cx": 315.7327575683594,
    "cy": 246.82431030273438,
    "w": 640,
    "h": 480,
    "camera_model": "OPENCV",
    "frames": [
        {
            "file_path": "Sample/image_0001.png",
            "transform_matrix": [
                [
                    0.5434585213661194,
                    -0.7942017316818237,
                    -0.2717723846435547,
                    -0.4494728147983551
                ],
                [
                    0.8379605412483215,
                    0.5323415398597717,
                    0.12004828453063965,
                    0.33626431226730347
                ],
                [
                    0.04934074357151985,
                    -0.29297536611557007,
                    0.9548453092575073,
                    0.22963890433311462
                ],
                [
                    0.0,
                    0.0,
                    0.0,
                    1.0
                ]
            ]
        },
        {
            "file_path": "Sample/image_0002.png",
            "transform_matrix": [
                [
                    0.7487412095069885,
                    -0.6619962453842163,
                    0.03325842320919037,
                    -0.3981386721134186
                ],
                [
                    0.5857816338539124,
                    0.6843576431274414,
                    0.43417325615882874,
                    0.341927707195282
                ],
                [
                    -0.3101712465286255,
                    -0.30560457706451416,
                    0.9002161026000977,
                    0.19704894721508026
                ],
                [
                    0.0,
                    0.0,
                    0.0,
                    1.0
                ]
            ]
        },
        {
            "file_path": "Sample/image_0003.png",
            "transform_matrix": [
                [
                    0.42937517166137695,
                    -0.8064600229263306,
                    -0.40648365020751953,
                    -0.4402945041656494
                ],
                [
                    0.8607461452484131,
                    0.501677393913269,
                    -0.08606500178575516,
                    0.28134194016456604
                ],
                [
                    0.2733362317085266,
                    -0.3129226565361023,
                    0.9095962047576904,
                    0.16981026530265808
                ],
                [
                    0.0,
                    0.0,
                    0.0,
                    1.0
                ]
            ]
        },
        {
            "file_path": "Sample/image_0004.png",
            "transform_matrix": [
                [
                    0.08202153444290161,
                    0.5154820680618286,
                    0.8529658317565918,
                    -0.3063259720802307
                ],
                [
                    -0.985656201839447,
                    -0.08459391444921494,
                    0.14589272439479828,
                    0.28484833240509033
                ],
                [
                    0.14735661447048187,
                    -0.8527020215988159,
                    0.5011647343635559,
                    0.14110183715820312
                ],
                [
                    0.0,
                    0.0,
                    0.0,
                    1.0
                ]
            ]
        },
        {
            "file_path": "Sample/image_0005.png",
            "transform_matrix": [
                [
                    0.7495691180229187,
                    0.6341338157653809,
                    0.18974334001541138,
                    -0.35320425033569336
                ],
                [
                    -0.5677270889282227,
                    0.46858489513397217,
                    0.6768195629119873,
                    0.36373886466026306
                ],
                [
                    0.34028199315071106,
                    -0.6150456666946411,
                    0.7112764120101929,
                    0.15433146059513092
                ],
                [
                    0.0,
                    0.0,
                    0.0,
                    1.0
                ]
            ]
        },
        {
            "file_path": "Sample/image_0006.png",
            "transform_matrix": [
                [
                    0.6390772461891174,
                    -0.5454003810882568,
                    -0.5422941446304321,
                    -0.46024438738822937
                ],
                [
                    0.7632207870483398,
                    0.5368574857711792,
                    0.3595329523086548,
                    0.34825149178504944
                ],
                [
                    0.09504666179418564,
                    -0.6436622142791748,
                    0.7593777179718018,
                    0.141138955950737
                ],
                [
                    0.0,
                    0.0,
                    0.0,
                    1.0
                ]
            ]
        },
        {
            "file_path": "Sample/image_0007.png",
            "transform_matrix": [
                [
                    -0.4041662812232971,
                    -0.726911187171936,
                    -0.5551984310150146,
                    -0.4739264249801636
                ],
                [
                    0.8911954164505005,
                    -0.17634014785289764,
                    -0.4178889989852905,
                    0.23111054301261902
                ],
                [
                    0.2058640420436859,
                    -0.6636888384819031,
                    0.7191139459609985,
                    0.14647816121578217
                ],
                [
                    0.0,
                    0.0,
                    0.0,
                    1.0
                ]
            ]
        },
        {
            "file_path": "Sample/image_0008.png",
            "transform_matrix": [
                [
                    -0.7151903510093689,
                    -0.6392203569412231,
                    -0.28264033794403076,
                    -0.43965473771095276
                ],
                [
                    0.6736652255058289,
                    -0.5228031277656555,
                    -0.5223167538642883,
                    0.1918187439441681
                ],
                [
                    0.18611200153827667,
                    -0.5639618039131165,
                    0.8045502305030823,
                    0.1511463075876236
                ],
                [
                    0.0,
                    0.0,
                    0.0,
                    1.0
                ]
            ]
        },
        {
            "file_path": "Sample/image_0009.png",
            "transform_matrix": [
                [
                    -0.9534072875976562,
                    -0.28359362483024597,
                    -0.10275474935770035,
                    -0.4027996361255646
                ],
                [
                    0.28330105543136597,
                    -0.725056529045105,
                    -0.6277053356170654,
                    0.181985005736351
                ],
                [
                    0.10351183265447617,
                    -0.627571702003479,
                    0.771640419960022,
                    0.14790549874305725
                ],
                [
                    0.0,
                    0.0,
                    0.0,
                    1.0
                ]
            ]
        },
        {
            "file_path": "Sample/image_0010.png",
            "transform_matrix": [
                [
                    -0.5604288578033447,
                    -0.8191059827804565,
                    -0.12234782427549362,
                    -0.4069335162639618
                ],
                [
                    0.8041715025901794,
                    -0.5029023885726929,
                    -0.31678545475006104,
                    0.21515990793704987
                ],
                [
                    0.19795793294906616,
                    -0.27592232823371887,
                    0.9405739903450012,
                    0.20930051803588867
                ],
                [
                    0.0,
                    0.0,
                    0.0,
                    1.0
                ]
            ]
        },
        {
            "file_path": "Sample/image_0011.png",
            "transform_matrix": [
                [
                    0.07908625155687332,
                    -0.9925058484077454,
                    -0.09303106367588043,
                    -0.40757372975349426
                ],
                [
                    0.9004307389259338,
                    0.031094983220100403,
                    0.43386033177375793,
                    0.3280620276927948
                ],
                [
                    -0.4277026653289795,
                    -0.11808328330516815,
                    0.8961650729179382,
                    0.1829749047756195
                ],
                [
                    0.0,
                    0.0,
                    0.0,
                    1.0
                ]
            ]
        },
        {
            "file_path": "Sample/image_0012.png",
            "transform_matrix": [
                [
                    0.3107515275478363,
                    -0.8669732213020325,
                    0.38957273960113525,
                    -0.33755311369895935
                ],
                [
                    0.7009943127632141,
                    0.485847532749176,
                    0.5220644474029541,
                    0.3355495035648346
                ],
                [
                    -0.6418724656105042,
                    0.11085253953933716,
                    0.7587379813194275,
                    0.16645203530788422
                ],
                [
                    0.0,
                    0.0,
                    0.0,
                    1.0
                ]
            ]
        },
        {
            "file_path": "Sample/image_0013.png",
            "transform_matrix": [
                [
                    0.39719799160957336,
                    0.5268980264663696,
                    0.7514078617095947,
                    -0.28966572880744934
                ],
                [
                    -0.9176418781280518,
                    0.23806722462177277,
                    0.3181379735469818,
                    0.3216167688369751
                ],
                [
                    -0.011260640807449818,
                    -0.81589275598526,
                    0.5780795216560364,
                    0.1293010115623474
                ],
                [
                    0.0,
                    0.0,
                    0.0,
                    1.0
                ]
            ]
        },
        {
            "file_path": "Sample/image_0014.png",
            "transform_matrix": [
                [
                    0.10260724276304245,
                    0.8360642194747925,
                    0.5389423370361328,
                    -0.3162444233894348
                ],
                [
                    -0.8716298937797546,
                    -0.18548014760017395,
                    0.4536750316619873,
                    0.32166165113449097
                ],
                [
                    0.47926270961761475,
                    -0.516306459903717,
                    0.7097334265708923,
                    0.15808799862861633
                ],
                [
                    0.0,
                    0.0,
                    0.0,
                    1.0
                ]
            ]
        },
        {
            "file_path": "Sample/image_0016.png",
            "transform_matrix": [
                [
                    0.4008660316467285,
                    0.8701125383377075,
                    0.2867036461830139,
                    -0.3672811985015869
                ],
                [
                    -0.8821007013320923,
                    0.28210940957069397,
                    0.3771839141845703,
                    0.3369348645210266
                ],
                [
                    0.2473142147064209,
                    -0.4041004478931427,
                    0.8806445002555847,
                    0.2115892916917801
                ],
                [
                    0.0,
                    0.0,
                    0.0,
                    1.0
                ]
            ]
        },
        {
            "file_path": "Sample/image_0017.png",
            "transform_matrix": [
                [
                    0.9043248295783997,
                    0.40761110186576843,
                    0.12658341228961945,
                    -0.37692639231681824
                ],
                [
                    -0.4220159351825714,
                    0.8097059726715088,
                    0.4077360928058624,
                    0.33389049768447876
                ],
                [
                    0.06370798498392105,
                    -0.4221467971801758,
                    0.904283881187439,
                    0.18623371422290802
                ],
                [
                    0.0,
                    0.0,
                    0.0,
                    1.0
                ]
            ]
        },
        {
            "file_path": "Sample/image_0018.png",
            "transform_matrix": [
                [
                    0.8002398610115051,
                    -0.5593594312667847,
                    -0.216075137257576,
                    -0.4391133487224579
                ],
                [
                    0.4994819164276123,
                    0.8211862444877625,
                    -0.27595341205596924,
                    0.19493651390075684
                ],
                [
                    0.3318035900592804,
                    0.11291006207466125,
                    0.9365695714950562,
                    0.20867329835891724
                ],
                [
                    0.0,
                    0.0,
                    0.0,
                    1.0
                ]
            ]
        },
        {
            "file_path": "Sample/image_0019.png",
            "transform_matrix": [
                [
                    0.6258362531661987,
                    -0.5409324169158936,
                    -0.5618597269058228,
                    -0.4501418471336365
                ],
                [
                    0.6542713642120361,
                    0.7562463879585266,
                    0.0007129460573196411,
                    0.28272777795791626
                ],
                [
                    0.42452025413513184,
                    -0.36805176734924316,
                    0.8272331357002258,
                    0.18614725768566132
                ],
                [
                    0.0,
                    0.0,
                    0.0,
                    1.0
                ]
            ]
        },
        {
            "file_path": "Sample/image_0020.png",
            "transform_matrix": [
                [
                    -0.6814278960227966,
                    -0.6601844429969788,
                    -0.315910667181015,
                    -0.427359014749527
                ],
                [
                    0.6350751519203186,
                    -0.31887876987457275,
                    -0.7035375833511353,
                    0.19880789518356323
                ],
                [
                    0.36372432112693787,
                    -0.680037796497345,
                    0.6365821361541748,
                    0.16160383820533752
                ],
                [
                    0.0,
                    0.0,
                    0.0,
                    1.0
                ]
            ]
        },
        {
            "file_path": "Sample/image_0021.png",
            "transform_matrix": [
                [
                    0.0703989639878273,
                    -0.9750464558601379,
                    -0.21049262583255768,
                    -0.4210186004638672
                ],
                [
                    0.9818325638771057,
                    0.10499405860900879,
                    -0.1579248607158661,
                    0.24004967510700226
                ],
                [
                    0.17609192430973053,
                    -0.19554820656776428,
                    0.9647558927536011,
                    0.20504094660282135
                ],
                [
                    0.0,
                    0.0,
                    0.0,
                    1.0
                ]
            ]
        }
    ]
}